rows 4379 from 2009-01-02 to 2026-10-02
 ma  max_exp  cagr%  invested%  halve  reduce  halt  epochs  backstop_touch  gap  intraday  spike touch_dates  epoch_breach              halt_dates
 50      1.0    9.2       62.0      4       0     0       1               0    0         0      0                         0                        
 50      0.7    6.6       62.0      2       0     0       1               0    0         0      0                         0                        
 50      0.5    5.1       62.0      0       0     0       1               0    0         0      0                         0                        
100      1.0    8.0       67.0      3       0     0       1               0    0         0      0                         0                        
100      0.7    5.8       67.0      1       0     0       1               0    0         0      0                         0                        
100      0.5    4.5       67.0      0       0     0       1               0    0         0      0                         0                        
150      1.0    6.5       71.0      3       0     0       1               0    0         0      0                         0                        
150      0.7    5.6       71.0      1       0     0       1               0    0         0      0                         0                        
150      0.5    3.9       71.0      1       0     0       1               0    0         0      0                         0                        
200      1.0    6.0       71.0      5       1     1       2               0    0         0      0                         1 2025-05-07 epoch -12.2%
200      0.7    5.4       74.0      1       0     0       1               0    0         0      0                         0                        
200      0.5    3.7       74.0      1       0     0       1               0    0         0      0                         0                        
